San Francisco County:
Zip codes: 94102, 94103, 94104, 94105, 94107, 94108, 94109, 94110, 94111, 94112, 94114, 94115, 94116, 94117, 94118, 94121, 94122, 94123,94124, 94127, 94129, 94130, 94131, 94132, 94133, 94134, 94158.

Marin County: 
ZIP codes:
94924
94925
94920
94913
94904
94901
94903
94949
94948
94947
94946
94945
94037
94941
94558
94940
94939
94938
94563
94937
94933
94930
94929
94928
94970
94971
94972
95471
94960
94963
94703
94105
94964
94965
94705
94956
95476
94957
94950
94952
94953
90266
94973
95650

San Mateo County
Zip Codes:
94602
95012
94134
95023
94403
94402
94401
94404
94112
94107
94102
94303
94301
94089
89431
94074
94080
94066
94070
94062
94063
94065
94014
94013
94015
94018
94020
94019
94920
94021
94024
94025
94028
94027
94030
94553
94037
94038
94044
94060
94061
94541
97701
46123
21401
94002
94011
94005
94010

Santa Clara County
95002 (Alviso)
95008 (Campbell)
95013 (Coyote)
95014 (Cupertino)
95020 (Gilroy)
94022 (Los Altos)
94024 (Los Altos)
95030 (Los Gatos)
95032 (Los Gatos)
95035 (Milpitas)
95037 (Morgan Hill)
95140 (Mount Hamilton)
94040 (Mountain View)
94041 (Mountain View)
94043 (Mountain View)
94301 (Palo Alto)
94304 (Palo Alto)
94306 (Palo Alto)
95117 (San Jose)
95118 (San Jose)
95119 (San Jose)
95120 (San Jose)
95121 (San Jose)
95122 (San Jose)
95123 (San Jose)
95124 (San Jose)
95125 (San Jose)
95148 (San Jose)
95126 (San Jose)
95127 (San Jose)
95128 (San Jose)
95129 (San Jose)
95130 (San Jose)
95131 (San Jose)
95132 (San Jose)
95133 (San Jose)
95110 (San Jose)
95111 (San Jose)
95134 (San Jose)
95135 (San Jose)
95136 (San Jose)
95112 (San Jose)
95113 (San Jose)
95116 (San Jose)
95138 (San Jose)
95139 (San Jose)
95046 (San Martin)
95050 (Santa Clara)
95051 (Santa Clara)
95053 (Santa Clara)
95054 (Santa Clara)
95070 (Saratoga)
94305 (Stanford)
94085 (Sunnyvale)
94086 (Sunnyvale)
94087 (Sunnyvale)
94089 (Sunnyvale)

Contra Costa County
Zip Codes, population: 94565 84,641
94509 62,439
94806 59,861
94513 54,605
94553 47,065
94521 41,249
94531 40,290
94804 38,559
94582 38,537
94520 37,208
94561 36,515
94583 34,859
94523 33,569
94526 31,102
94801 29,395
94549 26,864
94518 26,778
94598 25,818
94803 24,904
94547 24,092
94530 23,877
94506 22,452
94597 20,277
94596 20,037
94519 18,453
94564 18,287
94563 17,672
94595 16,425
94556 15,229
94507 14,889
94805 13,648
94517 12,385
94572 8,684
94525 3,127
94511 2,137
94575 974
94528 964
94548 412
94516 211
94569 198
94522
94524
94527
94529
94570
94802
94807
94808
94820
94850

Alameda County
Zip Codes:
94505
94601
94597
94604
94605
94502
94602
94503
94603
94589
94587
94588
95628
94514
94618
94403
94621
95035
94619
94609
94501
94608
94607
94606
94613
94612
93292
94611
94610
94661
94702
94703
94704
94705
94660
95666
94806
94707
94706
94709
94708
94062
94710
94720
94577
94580
94578
95129
95128
94579
94586
94582
94557
94555
94560
94558
94565
94568
94566
94537
94538
94539
94541
94542
94544
94545
95391
94546
95603
94550
94551
94552
95377
95376
94536
